[[0.0
0.0
0.0
0.0
0.0
0.0
0.0
0.0
100.0
0.0
]
,[
0.0
0.0
7.7
0.1
15.4
0.0
0.0
0.0
15.4
61.5

]
,[
0.0
0.0
7.7
0.0
30.6
0.0
0.5
0.0
61.2
0.0
]
,[

0.0
0.0
2.9
0.0
0.0
0.0
2.9
0.0
94.1
0.0

]
,[
0.1
0.0
96.8
0.0
1.5
0.0
0.0
0.0
1.5
0.0

]
,[
0.0
0.0
0.0
0.0
0.2
0.0
5.9
0.0
93.9
0.0

]
,[
0.3
0.0
0.0
0.0
88.6
0.0
0.0
0.0
11.1
0.0
]
,[

0.0
0.0
0.3
0.1
8.9
0.0
70.8
0.0
17.7
2.2

]
,[
1.4
0.0
2.7
0.7
1.4
0.2
5.5
0.0
88.0
0.1

]
,[
0.3
0.0
0.1
73.8
4.6
0.1
2.3
0.0
18.5
0.3
]
,[

7.4
0.0
0.5
29.5
29.5
0.0
3.7
0.0
14.7
14.7

]
,[
0.0
0.0
0.0
3.0
0.0
0.0
0.0
0.0
96.9
0.0
]
,[

3.7
0.0
0.2
29.3
7.3
0.1
0.5
0.0
58.5
0.5
]
,[

0.3
0.0
1.1
70.1
1.1
0.0
17.5
0.0
8.8
1.1

]
,[
0.1
0.0
5.5
0.7
0.3
0.0
5.5
0.0
87.9
0.0
]
,[

0.3
0.0
4.7
0.1
1.2
0.0
74.5
0.0
18.6
0.6
]
,[

0.3
0.0
0.1
1.1
0.3
0.1
71.4
0.0
17.8
8.9

]
,[
18.0
0.0
0.6
0.3
0.1
0.0
9.0
0.0
72.0
0.0

]
,[
18.0
0.0
0.6
0.0
0.3
0.0
9.0
0.0
72.1
0.0
]
,[

0.5
0.0
1.0
0.1
2.0
0.1
63.0
0.0
31.5
2.0

]
,[
1.5
0.0
0.0
0.0
0.0
0.0
97.5
0.0
0.8
0.2
]
,[

1.5
0.0
0.0
0.0
0.0
0.0
98.4
0.0
0.0
0.0

]
,[
0.0
0.0
0.7
0.0
0.3
0.0
87.3
0.0
10.9
0.7

]
,[
0.0
0.2
0.2
25.5
51.0
0.0
0.8
12.7
3.2
6.4

]
,[
5.5
0.0
2.8
0.1
0.0
0.0
2.8
0.0
88.7
0.1
]
,[

0.0
0.0
1.5
0.1
0.0
0.0
96.7
0.0
1.5
0.2

]
,[
72.6
0.0
0.1
0.0
0.0
0.0
18.2
0.0
9.1
0.0
]
,[

9.0
0.0
18.0
0.1
0.0
0.0
72.0
0.0
0.3
0.6

]
,[
0.0
0.0
0.2
0.0
0.0
0.0
93.9
0.0
5.9
0.0
]
,[

0.4
0.0
0.2
0.2
0.0
0.0
0.2
0.0
99.0
0.0

]
,[
0.4
0.0
3.0
1.5
0.1
0.0
0.2
0.0
94.7
0.2
]
,[

92.1
0.0
1.4
0.4
0.0
0.0
0.1
0.1
0.2
5.8
]
,[

87.5
0.0
1.4
0.0
0.0
0.0
0.1
0.0
10.9
0.1
]
,[

65.5
0.0
0.5
0.0
0.0
0.0
32.8
0.0
1.0
0.1

]
,[
79.0
0.0
0.2
0.2
0.0
0.0
19.8
0.0
0.6
0.3
]
,[

86.2
0.0
0.7
0.7
0.0
0.0
1.3
0.0
10.8
0.3

]
,[
92.9
0.0
0.2
0.7
0.0
0.0
5.8
0.0
0.4
0.0
]
,[

93.5
0.0
0.1
0.0
0.0
0.0
0.4
0.0
5.8
0.2
]
,[

99.7
0.0
0.0
0.0
0.0
0.0
0.1
0.0
0.2
0.0
]
,[

92.7
0.0
0.0
1.4
0.0
0.0
2.9
0.0
2.9
0.0
]
,[

99.5
0.0
0.0
0.2
0.0
0.0
0.2
0.0
0.1
0.0
]
,[

65.1
0.0
0.1
0.5
0.5
0.0
0.1
0.0
32.6
1.0
]
,[

84.1
0.0
0.1
0.0
0.0
0.0
5.3
0.0
10.5
0.0
]
,[

49.1
0.0
0.1
0.0
0.0
0.0
49.1
0.0
1.5
0.0
]
,[

0.1
0.0
56.6
3.5
0.4
0.0
7.1
0.4
28.3
3.5
]
,[

5.8
0.0
0.4
0.0
0.0
0.0
92.4
0.0
1.4
0.0

]
,[
0.7
0.0
1.5
0.0
1.5
0.0
0.4
0.0
95.6
0.2

]
,[
49.9
0.0
0.2
0.0
0.0
0.0
49.9
0.0
0.0
0.0
]
,[

99.5
0.0
0.0
0.0
0.0
0.0
0.4
0.0
0.0
0.0
]
,[

96.2
0.0
0.4
3.0
0.0
0.0
0.4
0.0
0.0
0.0

]
,[
95.5
0.0
1.5
0.0
0.0
0.0
1.5
0.0
0.0
1.5
]
,[

99.9
0.0
0.0
0.0
0.0
0.0
0.0
0.0
0.0
0.0
]
,[

99.6
0.0
0.1
0.0
0.0
0.0
0.2
0.0
0.0
0.0
]
,[

99.6
0.0
0.2
0.0
0.0
0.0
0.2
0.0
0.0
0.0
]
,[

99.8
0.0
0.1
0.0
0.0
0.0
0.1
0.0
0.0
0.0

]
,[
87.6
0.0
1.4
0.0
0.0
0.0
11.0
0.0
0.0
0.0

]
,[
99.6
0.0
0.0
0.0
0.0
0.0
0.2
0.0
0.0
0.2
]
,[

99.6
0.0
0.0
0.0
0.0
0.0
0.4
0.0
0.0
0.0

]
,[
93.4
0.0
0.7
0.0
0.0
0.0
5.8
0.0
0.0
0.0

]
,[
92.7
0.0
1.4
0.0
0.0
0.0
5.8
0.0
0.0
0.1

]
,[
33.3
0.0
0.0
0.0
0.0
0.0
66.6
0.0
0.0
0.0

]
,[
0.0
0.0
0.0
0.0
0.0
0.0
100.0
0.0
0.0
0.0

]
,[
1.5
0.0
0.8
0.0
0.0
0.0
97.3
0.0
0.0
0.4

]
,[
66.3
0.1
0.5
8.3
16.6
0.0
2.1
4.1
0.0
2.1
]
,[

83.9
0.0
10.5
0.0
0.0
0.0
5.2
0.0
0.3
0.0
]
,[

1.4
0.0
5.8
0.0
0.0
0.0
92.7
0.0
0.0
0.0
]
,[

63.4
0.0
31.7
0.2
0.0
0.0
4.0
0.0
0.2
0.5
]
,[

0.1
0.0
99.9
0.0
0.0
0.0
0.0
0.0
0.0
0.0
]
,[

2.7
0.0
86.3
0.0
0.0
0.0
10.8
0.0
0.1
0.2
]
,[

30.3
0.0
60.5
7.6
0.1
0.0
0.9
0.0
0.5
0.1
]
,[

88.7
0.0
1.4
2.8
0.3
0.2
0.3
0.0
5.5
0.7

]
,[
2.5
0.0
0.3
5.0
0.0
0.0
0.0
10.1
1.3
80.7

]
,[
0.1
0.0
0.1
0.0
0.0
0.0
0.0
0.0
0.1
99.7

]
,[
58.9
0.0
1.8
0.5
0.1
0.0
29.5
0.0
1.8
7.4
]
,[

13.5
0.0
1.7
3.4
0.0
0.1
54.1
0.0
0.2
27.0

]
,[
74.8
0.0
18.7
4.7
0.0
0.1
1.2
0.0
0.3
0.3

]
,[
97.7
0.0
0.4
1.5
0.0
0.0
0.2
0.0
0.2
0.0
]
,[

20.6
0.0
41.3
5.2
1.3
0.6
20.6
0.0
5.2
5.2
]
,[

59.6
0.0
1.9
0.5
0.5
0.1
7.5
0.0
29.8
0.2
]
,[

93.3
0.0
0.0
5.8
0.0
0.0
0.7
0.0
0.0
0.0
]
,[

65.0
0.0
1.0
32.5
0.3
0.1
0.5
0.0
0.5
0.1
]
,[

61.8
0.0
1.9
15.4
15.4
0.5
1.0
0.1
1.9
1.9
]
,[

74.9
0.0
0.6
0.3
0.6
0.0
18.7
0.0
4.7
0.1

]
,[
48.9
0.0
0.8
0.8
0.0
0.0
48.9
0.0
0.2
0.4

]
,[
97.7
0.0
0.1
0.8
0.1
0.0
0.0
0.1
0.4
0.8
]
,[

99.1
0.0
0.0
0.0
0.0
0.0
0.8
0.0
0.0
0.0

]
,[
93.8
0.0
0.0
0.1
2.9
0.0
0.0
0.0
2.9
0.2

]
,[
88.3
0.0
0.2
0.1
0.0
0.0
11.0
0.0
0.0
0.3
]
,[

99.9
0.0
0.0
0.0
0.0
0.0
0.0
0.0
0.0
0.0
]
,[

94.1
0.0
0.0
5.9
0.0
0.0
0.0
0.0
0.0
0.0
]
,[

75.6
0.0
1.2
2.4
0.0
0.1
1.2
0.0
0.6
18.9
]
,[

99.0
0.0
0.0
0.4
0.1
0.0
0.0
0.0
0.4
0.0
]
,[

97.4
0.0
1.5
0.8
0.0
0.0
0.1
0.0
0.0
0.1
]
,[

98.8
0.0
0.8
0.2
0.0
0.0
0.1
0.0
0.0
0.1
]
,[

99.9
0.0
0.0
0.0
0.0
0.0
0.0
0.0
0.0
0.0
]
,[

91.0
0.0
0.2
0.2
0.0
0.0
5.7
0.0
0.1
2.8
]
,[

95.5
0.0
0.2
3.0
0.0
0.1
0.7
0.0
0.1
0.4

]
,[
99.9
0.0
0.0
0.0
0.0
0.0
0.0
0.0
0.0
0.0

]
,[
97.9
0.0
0.4
0.0
0.0
0.0
1.5
0.0
0.1
0.0

]
,[
85.6
0.0
0.3
0.2
0.0
0.3
10.7
0.0
0.2
2.7
]]

